59 0.768750 0.430278 0.022222 0.039444
78 0.790451 0.433889 0.018403 0.040000
58 0.790451 0.485000 0.021181 0.053333
78 0.630382 0.455278 0.016319 0.035000
15 0.380729 0.492778 0.007292 0.018889
17 0.159201 0.493333 0.009375 0.013333
4 0.265278 0.454722 0.008333 0.013889
78 0.361285 0.477500 0.005903 0.010556
78 0.315625 0.495833 0.005556 0.007222
78 0.328646 0.494722 0.005208 0.008333
78 0.354861 0.490556 0.005556 0.011111
15 0.296181 0.491667 0.004167 0.006667
59 0.354167 0.477500 0.006944 0.012778
